# This file may be used to create an environment using:
# $ conda create --name <env> --file <this file>
# platform: win-64
asgiref=3.8.1=pyhd8ed1ab_0
bzip2=1.0.8=h2466b09_7
ca-certificates=2024.9.24=haa95532_0
colorama=0.4.6=py313haa95532_0
django=5.1.3=pyhd8ed1ab_0
exceptiongroup=1.2.2=pyhd8ed1ab_0
iniconfig=1.1.1=pyhd3eb1b0_0
libexpat=2.6.4=he0c23c2_0
libffi=3.4.2=h8ffe710_5
libmpdec=4.0.0=h2466b09_0
libsqlite=3.47.0=h2466b09_1
libzlib=1.3.1=h2466b09_2
openssl=3.3.2=h2466b09_0
packaging=24.1=py313haa95532_0
pip=24.3.1=pyh145f28c_0
pluggy=1.5.0=pyhd8ed1ab_0
pytest=8.3.3=pyhd8ed1ab_0
pytest-django=4.9.0=pyhd8ed1ab_0
python=3.13.0=hf5aa216_100_cp313
python_abi=3.13=5_cp313
sqlparse=0.5.1=pyhd8ed1ab_0
tk=8.6.13=h5226925_1
tomli=2.0.2=pyhd8ed1ab_0
typing_extensions=4.12.2=pyha770c72_0
tzdata=2024b=hc8b5060_0
ucrt=10.0.22621.0=h57928b3_1
vc=14.3=h8a93ad2_22
vc14_runtime=14.40.33810=hcc2c482_22
vs2015_runtime=14.40.33810=h3bf8584_22
xz=5.2.6=h8d14728_0
